i = 1;
j = 1;

% test 1 : nxn is not 10
a = [   0 0 0 0 0 
        0 0 0 0 0 
        0 0 0 0 0 
        0 0 0 0 0 
        0 0 0 0 0    ]
output : -99
% test 2 : i or j are out of bounds
i = 100;
j = 100;
a = [   1 1 1 1 1 0 0 0 0 0;
        0 0 0 0 0 0 0 0 0 0;
        0 0 0 0 0 0 0 0 0 0;
        0 0 0 5 5 0 0 0 0 0;
        0 0 0 0 0 0 0 0 0 0;
        0 0 0 0 0 0 0 0 0 0;
        0 0 0 0 0 0 0 0 0 0;
        0 0 0 0 0 0 0 0 0 0;
        0 0 0 0 0 0 0 0 0 0;
        0 0 0 0 0 0 0 0 0 0;    ]
output : -97

% test 3 : invalid type in the board 
a = [   1 1 1 1 1 0 0 0 0 0;
        0 0 0 0 0 10 0 0 0 0;
        0 0 0 0 0 0 0 0 0 0;
        0 0 0 5 5 0 0 0 0 0;
        0 0 0 0 0 0 0 0 0 0;
        0 0 0 0 0 0 0 0 0 0;
        0 0 0 0 0 0 0 0 0 0;
        0 0 0 0 0 0 0 0 0 0;
        0 0 0 0 0 7 0 0 0 0;
        0 0 0 0 0 0 0 0 0 0;    ]        
output : -98

% test 4 : normal shot not missed
i = 1;
j = 1;
a = [   1 1 1 1 1 0 0 0 0 0;
        0 0 0 0 0 0 0 0 0 0;
        0 0 0 0 0 0 0 0 0 0;
        0 0 0 5 5 0 0 0 0 0;
        0 0 0 0 0 0 0 0 0 0;
        0 0 0 0 0 0 0 0 0 0;
        0 0 0 0 0 0 0 0 0 0;
        0 0 0 0 0 0 0 0 0 0;
        0 0 0 0 0 0 0 0 0 0;
        0 0 0 0 0 0 0 0 0 0;    ]
output : 1
% test 5 : destroying a ship 
i = 1;
j = 1;
a = [   1 0 0 0 0 0 0 0 0 0;
        0 0 0 0 0 0 0 0 0 0;
        0 0 0 0 0 0 0 0 0 0;
        0 0 0 5 5 0 0 0 0 0;
        0 0 0 0 0 0 0 0 0 0;
        0 0 0 0 0 0 0 0 0 0;
        0 0 0 0 0 0 0 0 0 0;
        0 0 0 0 0 0 0 0 0 0;
        0 0 0 0 0 0 0 0 0 0;
        0 0 0 0 0 0 0 0 0 0;    ]
output : 101

% test 6 : missing (hitting water)
i = 2;
j = 2;
a = [   1 0 0 0 0 0 0 0 0 0;
        0 0 0 0 0 0 0 0 0 0;
        0 0 0 0 0 0 0 0 0 0;
        0 0 0 5 5 0 0 0 0 0;
        0 0 0 0 0 0 0 0 0 0;
        0 0 0 0 0 0 0 0 0 0;
        0 0 0 0 0 0 0 0 0 0;
        0 0 0 0 0 0 0 0 0 0;
        0 0 0 0 0 0 0 0 0 0;
        0 0 0 0 0 0 0 0 0 0;    ]
output : 0